
00000040  00 00 00 00 00 00 00 00 00 00 00 00 00 00 00 00  ................ 00000050
  00 00 00 00 00 00 00 00 00 00 00 00 00 00 00 00  ................
00000060  00 00 00 00 00 00 00 00 00 00 00 00 00 00 00 00  ................ 00000070
  00 00 00 00 00 00 00 00 00 00 00 00 00 00 00 00  ................
00000080  95
AA A8 7C 2B 6A D5 12 0E 73
B3 7D BD 16 25 62  •ª¨|+jÕ..
s³}½.%b 00000090  
A4
A8 BF 19 73 F7 E0 BC DF 02
A8 94 32 CF
0C C0  ¤¨¿.s÷à¼ß.¨\"2Ï.À 000000A0  C5 83
0F 14 66 02 87 EE FD 29 96 DF 02 05
C1 12  Åƒ..f.‡îý)–ß